Geometric properties
Length
0.762

Different number of composite materials used
5

Material Properties
Material No. E1 (N/m^2) E2 (N/m^2) E3 (N/m^2) G12 (N/m^2) G13 (N/m^2) G23 (N/m^2) nu12 nu13 nu23  Density (rho IN Kg/m^3)
Begin
1 3.70E+10 9.00E+09 9.00E+09 4.00E+09 4.00E+09 4.00E+09 0.28 0.28 0.28
2 1.03E+10 1.03E+10 1.03E+10 8.00E+09 8.00E+09 8.00E+09 0.30 0.30 0.30
3 10.00 10.00 10 1.00 1 1 0.3 0.3 0.30
4 1.03E+10 1.03E+10 1.03E+10 8.00E+09 8.00E+09 8.00E+09 0.30 0.30 0.30
5 1.00E+07 1.00E+07 1.00E+07 2.00E+05 2.00E+05 2.00E+05 0.30 0.30 0.30
End

Layup configurations in the cross section
Begin
0	0	20	20	20	20	20	20	20	20	20	20	20	20	20	20	20	20	20	20
0	0	20	20	20	20	20	20	20	20	20	20	20	20	20	20	20	20	20	20	20	20	20	20	20	20	20	20	20	20	20	20	20	20	20
0	0	20	20	20	20	20	20	20	20	20	20	20	20	20	20	20	20	20	30	30	30	30	30	30	30	30	30	30	30	30	30	30	30	30	30	30	30	30	30	30	30	30	30	30	30	30	30	30	30	30	30	30	30	30	30	30	0	30	30	30	30	30	30	30	30	30	30	30	30	30	30	30	30	30	30	30	30	30	30	30	30	30	30	30	30	30	30	30	30	30	30	30	30	30	20	20	20	20	20	20	20	20	20	20	20	20	20	20	20	20
0	0	20	20	20	20	20	20	20	20	20	20	20	20	20	20	20	20	20	0	0	0	0	0	0	0	0	0	0	0	0	0	0	0	0	0
0	0	0	0	0	0	0	0	0	0	0	0	0	0	0	0	0	0	0	0	0	0	0	0	0	0	0	0	0	0	0	0	0	0	0	0	0	0	0	0	0	0	0	0	0	0	0	0	0	0	0	0	0	0	0	0	0	0	0	0	0	0	0	0	0	0	0	0	0	0	0	0	0	0	0	0	0
End

Material distribution in each ply
Begin
3	4	2	2	2	2	2	2	2	2	2	2	2	2	2	2	2	2	2	2
3	4	2	2	2	2	2	2	2	2	2	2	2	2	2	2	2	2	2	2	2	2	2	2	2	2	2	2	2	2	2	2	2	2	2
3	4	2	2	2	2	2	2	2	2	2	2	2	2	2	2	2	2	2	1	1	1	1	1	1	1	1	1	1	1	1	1	1	1	1	1	1	1	1	1	1	1	1	1	1	1	1	1	1	1	1	1	1	1	1	1	1	5	1	1	1	1	1	1	1	1	1	1	1	1	1	1	1	1	1	1	1	1	1	1	1	1	1	1	1	1	1	1	1	1	1	1	1	1	1	2	2	2	2	2	2	2	2	2	2	2	2	2	2	2	2
3	4	2	2	2	2	2	2	2	2	2	2	2	2	2	2	2	2	2	5	2	2	2	2	2	2	2	2	2	2	2	2	2	2	2	2
1	1	1	1	1	1	1	1	1	1	1	1	1	1	1	1	1	1	1	1	1	1	1	1	1	1	1	1	1	1	1	1	1	1	1	1	1	1	5	1	1	1	1	1	1	1	1	1	1	1	1	1	1	1	1	1	1	1	1	1	1	1	1	1	1	1	1	1	1	1	1	1	1	1	1	1	1
End


Thickness of each ply in the cross section
Begin 
7.62000000000000e-05	0.000102000000000000	0.000106000000000000	0.000106000000000000	0.000106000000000000	0.000106000000000000	0.000106000000000000	0.000106000000000000	0.000106000000000000	0.000106000000000000	0.000106000000000000	0.000106000000000000	0.000106000000000000	0.000106000000000000	0.000106000000000000	0.000106000000000000	0.000106000000000000	0.000106000000000000	0.000106000000000000	0.0001060000000000000.000127 0.000127 0.000127 0.000127 0.000127 0.000127 0.000127 0.000127 
7.62000000000000e-05	0.000102000000000000	0.000106000000000000	0.000106000000000000	0.000106000000000000	0.000106000000000000	0.000106000000000000	0.000106000000000000	0.000106000000000000	0.000106000000000000	0.000106000000000000	0.000106000000000000	0.000106000000000000	0.000106000000000000	0.000106000000000000	0.000106000000000000	0.000106000000000000	0.000106000000000000	0.000106000000000000	0.000106000000000000	0.000106000000000000	0.000106000000000000	0.000106000000000000	0.000106000000000000	0.000106000000000000	0.000106000000000000	0.000106000000000000	0.000106000000000000	0.000106000000000000	0.000106000000000000	0.000106000000000000	0.000106000000000000	0.000106000000000000	0.000106000000000000	0.000106000000000000
7.62000000000000e-05	0.000102000000000000	0.000106000000000000	0.000106000000000000	0.000106000000000000	0.000106000000000000	0.000106000000000000	0.000106000000000000	0.000106000000000000	0.000106000000000000	0.000106000000000000	0.000106000000000000	0.000106000000000000	0.000106000000000000	0.000106000000000000	0.000106000000000000	0.000106000000000000	0.000106000000000000	0.000106000000000000	0.000106000000000000	0.000106000000000000	0.000106000000000000	0.000106000000000000	0.000106000000000000	0.000106000000000000	0.000106000000000000	0.000106000000000000	0.000106000000000000	0.000106000000000000	0.000106000000000000	0.000106000000000000	0.000106000000000000	0.000106000000000000	0.000106000000000000	0.000106000000000000	0.000106000000000000	0.000106000000000000	0.000106000000000000	0.000106000000000000	0.000106000000000000	0.000106000000000000	0.000106000000000000	0.000106000000000000	0.000106000000000000	0.000106000000000000	0.000106000000000000	0.000106000000000000	0.000106000000000000	0.000106000000000000	0.000106000000000000	0.000106000000000000	0.000106000000000000	0.000106000000000000	0.000106000000000000	0.000106000000000000	0.000106000000000000	0.000106000000000000	0.000625000000000000	0.000106000000000000	0.000106000000000000	0.000106000000000000	0.000106000000000000	0.000106000000000000	0.000106000000000000	0.000106000000000000	0.000106000000000000	0.000106000000000000	0.000106000000000000	0.000106000000000000	0.000106000000000000	0.000106000000000000	0.000106000000000000	0.000106000000000000	0.000106000000000000	0.000106000000000000	0.000106000000000000	0.000106000000000000	0.000106000000000000	0.000106000000000000	0.000106000000000000	0.000106000000000000	0.000106000000000000	0.000106000000000000	0.000106000000000000	0.000106000000000000	0.000106000000000000	0.000106000000000000	0.000106000000000000	0.000106000000000000	0.000106000000000000	0.000106000000000000	0.000106000000000000	0.000106000000000000	0.000106000000000000	0.000106000000000000	0.000106000000000000	0.000106000000000000	0.000106000000000000	0.000106000000000000	0.000106000000000000	0.000106000000000000	0.000106000000000000	0.000106000000000000	0.000106000000000000	0.000106000000000000	0.000106000000000000	0.000106000000000000	0.000106000000000000	0.000106000000000000	0.000106000000000000	0.000106000000000000
7.62000000000000e-05	0.000102000000000000	0.000106000000000000	0.000106000000000000	0.000106000000000000	0.000106000000000000	0.000106000000000000	0.000106000000000000	0.000106000000000000	0.000106000000000000	0.000106000000000000	0.000106000000000000	0.000106000000000000	0.000106000000000000	0.000106000000000000	0.000106000000000000	0.000106000000000000	0.000106000000000000	0.000106000000000000	0.000625000000000000	0.000106000000000000	0.000106000000000000	0.000106000000000000	0.000106000000000000	0.000106000000000000	0.000106000000000000	0.000106000000000000	0.000106000000000000	0.000106000000000000	0.000106000000000000	0.000106000000000000	0.000106000000000000	0.000106000000000000	0.000106000000000000	0.000106000000000000	0.000106000000000000
0.000106000000000000	0.000106000000000000	0.000106000000000000	0.000106000000000000	0.000106000000000000	0.000106000000000000	0.000106000000000000	0.000106000000000000	0.000106000000000000	0.000106000000000000	0.000106000000000000	0.000106000000000000	0.000106000000000000	0.000106000000000000	0.000106000000000000	0.000106000000000000	0.000106000000000000	0.000106000000000000	0.000106000000000000	0.000106000000000000	0.000106000000000000	0.000106000000000000	0.000106000000000000	0.000106000000000000	0.000106000000000000	0.000106000000000000	0.000106000000000000	0.000106000000000000	0.000106000000000000	0.000106000000000000	0.000106000000000000	0.000106000000000000	0.000106000000000000	0.000106000000000000	0.000106000000000000	0.000106000000000000	0.000106000000000000	0.000106000000000000	0.000625000000000000	0.000106000000000000	0.000106000000000000	0.000106000000000000	0.000106000000000000	0.000106000000000000	0.000106000000000000	0.000106000000000000	0.000106000000000000	0.000106000000000000	0.000106000000000000	0.000106000000000000	0.000106000000000000	0.000106000000000000	0.000106000000000000	0.000106000000000000	0.000106000000000000	0.000106000000000000	0.000106000000000000	0.000106000000000000	0.000106000000000000	0.000106000000000000	0.000106000000000000	0.000106000000000000	0.000106000000000000	0.000106000000000000	0.000106000000000000	0.000106000000000000	0.000106000000000000	0.000106000000000000	0.000106000000000000	0.000106000000000000	0.000106000000000000	0.000106000000000000	0.000106000000000000	0.000106000000000000	0.000106000000000000	0.000106000000000000	0.000106000000000000
End


Enter the layup distribution by numbering the strips in the cross section
Strip No. Layup No.
Begin
1	1
2	1
3	1
4	2
5	2
6	2
7	2
8	2
9	2
10	2
11	2
12	2
13	2
14	2
15	3
16	3
17	3
18	3
19	3
20	3
21	3
22	3
23	3
24	3
25	3
26	3
27	3
28	3
29	3
30	3
31	3
32	3
33	3
34	3
35	4
36	4
37	4
38	4
39	4
40	4
41	4
42	4
43	4
44	4
45	4
46	4
47	4
48	4
49	4
50	4
51	4
52	4
53	4
54	4
55	4
56	4
57	4
58	4
59	4
60	4
61	4
62	4
63	4
64	4
65	4
66	4
67	4
68	4
69	4
70	4
71	4
72	4
73	4
74	4
75	4
76	4
77	4
78	4
79	4
80	4
81	4
82	4
83	4
84	4
85	4
86	4
87	4
88	4
89	4
90	4
91	3
92	3
93	3
94	3
95	3
96	3
97	3
98	3
99	3
100	3
101	3
102	3
103	3
104	3
105	3
106	3
107	3
108	3
109	3
110	3
111	3
112	3
113	2
114	2
115	2
116	2
117	2
118	2
119	2
120	2
121	2
122	2
123	2
124	1
125	1
126	5
127	5
End

Geometrical points for connectivity
xpoints ypoints
Begin
1	0	0
2	0.000682803	0.00562305
3	0.003092193	0.013227648
4	0.007702486	0.02229612
5	0.014761879	0.032467105
6	0.02429169	0.043370996
7	0.036326328	0.05476845
8	0.05086965	0.06643502
9	0.067880616	0.078174778
10	0.087307071	0.089805951
11	0.109088025	0.101166279
12	0.133140752	0.112140679
13	0.159380455	0.122597158
14	0.187700848	0.132477766
15	0.218005867	0.141686743
16	0.250188485	0.150169255
17	0.284148762	0.157838966
18	0.319779405	0.164618546
19	0.35696877	0.170453693
20	0.395600767	0.175279351
21	0.435556684	0.179058983
22	0.476719063	0.181684004
23	0.518959312	0.183047634
24	0.562145666	0.183016645
25	0.606136708	0.181676271
26	0.650800977	0.179130309
27	0.696027019	0.175610635
28	0.741706743	0.171273676
29	0.787736257	0.166229575
30	0.834012201	0.160565732
31	0.880432906	0.154371542
32	0.926897938	0.147727261
33	0.95	0.144240054
34	0.973309713	0.140721505
35	1.019570305	0.133429628
36	1.06558422	0.125933235
37	1.111254881	0.118298712
38	1.156488048	0.110597917
39	1.201188645	0.10298
40	1.245264085	0.09519
41	1.288621686	0.08778
42	1.331169469	0.08037
43	1.372816956	0.07315
44	1.413474049	0.06631
45	1.453053101	0.05966
46	1.491467073	0.05339
47	1.528631092	0.047327974
48	1.564462375	0.041723487
49	1.598879032	0.036494364
50	1.631803429	0.031655919
51	1.663158844	0.027207487
52	1.692873343	0.023155604
53	1.720876189	0.01948754
54	1.747100407	0.016188684
55	1.771482138	0.013224
56	1.793959575	0.010564
57	1.8335	0.006042
58	1.8487	0.004199
59	1.8639	0.002679
60	1.8753	0.0015124
61	1.8867	0.0007125
62	1.8943	0.0002527
63	1.9	0
64	1.89438075	-0.000686261
65	1.88662305	-0.001669986
66	1.876748883	-0.002983798
67	1.864779586	-0.004615746
68	1.850738738	-0.006535829
69	1.834650792	-0.008687522
70	1.796460146	-0.013486732
71	1.774438956	-0.016076964
72	1.750532928	-0.018791722
73	1.724798302	-0.021642216
74	1.697293579	-0.024625748
75	1.668080338	-0.027731374
76	1.637224281	-0.03095081
77	1.604794929	-0.034275696
78	1.570865185	-0.037696608
79	1.535511448	-0.04120473
80	1.498812834	-0.044786705
81	1.460851442	-0.048427732
82	1.421711689	-0.052107291
83	1.381481431	-0.055812994
84	1.340250671	-0.05952833
85	1.298112091	-0.063241348
86	1.255160235	-0.066938216
87	1.211491148	-0.070600542
88	1.167202129	-0.074204728
89	1.122391636	-0.077724003
90	1.077160274	-0.081140735
91	1.03160899	-0.084430452
92	0.985841087	-0.087588898
93	0.95	-0.08994296
94	0.939959659	-0.090602393
95	0.894068332	-0.093461266
96	0.848270029	-0.096143838
97	0.802667483	-0.098624744
98	0.757362458	-0.100864502
99	0.712456699	-0.102827753
100	0.668051647	-0.10447796
101	0.624247907	-0.105771499
102	0.581146103	-0.106665886
103	0.538845757	-0.107108852
104	0.497447341	-0.107071593
105	0.457049712	-0.106505963
106	0.417751822	-0.105399232
107	0.379651958	-0.103703729
108	0.342850345	-0.101389776
109	0.307446524	-0.098400905
110	0.284148591	-0.095902994
111	0.273537015	-0.094765027
112	0.241217749	-0.090478931
113	0.21057681	-0.085606305
114	0.181701769	-0.080175592
115	0.154667448	-0.074285763
116	0.129549638	-0.067991595
117	0.106412236	-0.061378911
118	0.085324877	-0.05449656
119	0.066360217	-0.04743483
120	0.049582286	-0.040254445
121	0.035024277	-0.033039499
122	0.02275402	-0.025858012
123	0.012966607	-0.018775135
124	0.00570665	-0.011963635
125	0.001190749	-0.005602568
End

Geometrical connectivity of the cross section
Strip No. (Start node)  (Stop node)
Begin
1	1	2
2	2	3
3	3	4
4	4	5
5	5	6
6	6	7
7	7	8
8	8	9
9	9	10
10	10	11
11	11	12
12	12	13
13	13	14
14	14	15
15	15	16
16	16	17
17	17	18
18	18	19
19	19	20
20	20	21
21	21	22
22	22	23
23	23	24
24	24	25
25	25	26
26	26	27
27	27	28
28	28	29
29	29	30
30	30	31
31	31	32
32	32	33
33	33	34
34	34	35
35	35	36
36	36	37
37	37	38
38	38	39
39	39	40
40	40	41
41	41	42
42	42	43
43	43	44
44	44	45
45	45	46
46	46	47
47	47	48
48	48	49
49	49	50
50	50	51
51	51	52
52	52	53
53	53	54
54	54	55
55	55	56
56	56	57
57	57	58
58	58	59
59	59	60
60	60	61
61	61	62
62	62	63
63	63	64
64	64	65
65	65	66
66	66	67
67	67	68
68	68	69
69	69	70
70	70	71
71	71	72
72	72	73
73	73	74
74	74	75
75	75	76
76	76	77
77	77	78
78	78	79
79	79	80
80	80	81
81	81	82
82	82	83
83	83	84
84	84	85
85	85	86
86	86	87
87	87	88
88	88	89
89	89	90
90	90	91
91	91	92
92	92	93
93	93	94
94	94	95
95	95	96
96	96	97
97	97	98
98	98	99
99	99	100
100	100	101
101	101	102
102	102	103
103	103	104
104	104	105
105	105	106
106	106	107
107	107	108
108	108	109
109	109	110
110	110	111
111	111	112
112	112	113
113	113	114
114	114	115
115	115	116
116	116	117
117	117	118
118	118	119
119	119	120
120	120	121
121	121	122
122	122	123
123	123	124
124	124	125
125	125	1
126	110	17
127	93	33
End

Strip number with delaminations
Begin
0
End

Number of sublaminates in each delaminated strip
Begin
2
End

Sublaminate distribution in strip due to delamination
Begin
0 4 8
End
